1 0.34765625 0.17109375 0.09375 0.07421875
1 0.340625 0.234375 0.08359375 0.0578125
4 0.34921875 0.2890625 0.11015625 0.09296875
4 0.61640625 0.190625 0.0703125 0.07890625
0 0.46953125 0.14765625 0.08046875 0.0765625
0 0.51484375 0.21953125 0.08671875 0.0734375
2 0.571875 0.26484375 0.10703125 0.084375
5 0.51171875 0.346875 0.10859375 0.10078125
5 0.36484375 0.38125 0.13203125 0.1109375
5 0.6578125 0.4546875 0.125 0.1109375
3 0.74140625 0.35546875 0.10078125 0.1015625
3 0.3875 0.94296875 0.2046875 0.11328125
1 0.534375 0.55703125 0.15 0.13984375
0 0.35390625 0.60234375 0.14375 0.13125
2 0.28828125 0.4828125 0.14765625 0.1203125