1 0.2875 0.20625 0.10625 0.0921875
1 0.29296875 0.26953125 0.09375 0.0734375
4 0.31171875 0.321875 0.125 0.1125
4 0.55546875 0.17421875 0.084375 0.090625
0 0.403125 0.16015625 0.09375 0.090625
0 0.4609375 0.221875 0.1 0.0890625
2 0.52578125 0.25546875 0.1203125 0.103125
5 0.48203125 0.34765625 0.1265625 0.11875
5 0.34453125 0.409375 0.15 0.134375
5 0.64609375 0.42578125 0.14375 0.1328125
3 0.709375 0.31171875 0.1171875 0.11875
3 0.4734375 0.940625 0.221875 0.11875
1 0.54453125 0.54921875 0.1734375 0.1671875
0 0.37578125 0.628125 0.165625 0.15625
2 0.2890625 0.5234375 0.1671875 0.146875