1 0.37421875 0.0796875 0.1 0.096875
1 0.375 0.171875 0.0890625 0.0875
0 0.47890625 0.08828125 0.09375 0.0890625
0 0.5125 0.196875 0.1015625 0.0828125
4 0.5953125 0.18515625 0.0859375 0.0828125
4 0.38203125 0.23828125 0.1140625 0.09375
2 0.55625 0.2625 0.109375 0.0828125
5 0.51015625 0.33671875 0.1109375 0.0984375
5 0.39296875 0.34375 0.121875 0.096875
3 0.665625 0.38828125 0.103125 0.090625
2 0.34375 0.43046875 0.1375 0.109375
5 0.60390625 0.46875 0.1203125 0.0890625
1 0.521875 0.5390625 0.134375 0.103125
0 0.40546875 0.5546875 0.134375 0.103125
3 0.4328125 0.83125 0.16875 0.1265625