3 0.4734375 0.5265625 0.08828125 0.075
4 0.096875 0.51328125 0.10078125 0.06640625
0 0.14765625 0.56796875 0.09375 0.08046875
0 0.82734375 0.69453125 0.12421875 0.0984375
5 0.43046875 0.596875 0.10390625 0.0859375
5 0.48359375 0.67109375 0.11796875 0.10078125
5 0.61640625 0.57109375 0.0859375 0.0765625
2 0.66015625 0.71640625 0.1296875 0.11796875
2 0.2765625 0.559375 0.07734375 0.08125
4 0.27578125 0.6671875 0.1171875 0.10078125
1 0.14140625 0.6609375 0.12421875 0.0953125
1 0.75234375 0.62734375 0.11328125 0.0875