1 0.1828125 0.325 0.08125 0.0984375
1 0.24609375 0.32265625 0.0640625 0.0875
4 0.3 0.33515625 0.1015625 0.115625
4 0.18359375 0.59453125 0.0828125 0.075
0 0.15078125 0.4453125 0.0828125 0.0859375
0 0.21953125 0.4953125 0.0796875 0.0921875
2 0.26015625 0.55546875 0.0921875 0.1125
5 0.34609375 0.50078125 0.1078125 0.115625
5 0.390625 0.35703125 0.1203125 0.1390625
5 0.44375 0.65390625 0.11875 0.1328125
3 0.3390625 0.73046875 0.1078125 0.10625
3 0.94296875 0.41875 0.1140625 0.2125
1 0.5546875 0.53828125 0.15 0.159375
0 0.6125 0.36171875 0.140625 0.153125
2 0.49765625 0.2875 0.1296875 0.1546875