0 0.17109375 0.72265625 0.1796875 0.1421875
0 0.45546875 0.57578125 0.13125 0.11796875
4 0.26171875 0.55859375 0.1359375 0.11484375
4 0.76875 0.59140625 0.1234375 0.10625
1 0.4359375 0.778125 0.14453125 0.13671875
1 0.6859375 0.6421875 0.14921875 0.13125
1 0.903125 0.425 0.09765625 0.07890625
2 0.528125 0.5171875 0.12265625 0.1015625
3 0.5828125 0.42734375 0.096875 0.0796875
5 0.71953125 0.49609375 0.11875 0.08828125
5 0.75703125 0.42109375 0.10390625 0.08046875
5 0.87578125 0.521875 0.11796875 0.090625