1 0.1265625 0.26953125 0.10625 0.109375
1 0.215625 0.29453125 0.0953125 0.0984375
0 0.1078125 0.37265625 0.0984375 0.1015625
0 0.20390625 0.43359375 0.09375 0.109375
4 0.17109375 0.5109375 0.090625 0.09375
4 0.27734375 0.31796875 0.1046875 0.121875
2 0.25625 0.49296875 0.09375 0.1171875
5 0.33984375 0.4671875 0.109375 0.1203125
5 0.3765625 0.35625 0.109375 0.13125
3 0.34921875 0.63125 0.1015625 0.1109375
2 0.4734375 0.33046875 0.1234375 0.1484375
5 0.44296875 0.5921875 0.1015625 0.1296875
1 0.53203125 0.53125 0.1171875 0.14375
0 0.57734375 0.42265625 0.1171875 0.14375
3 0.8375 0.52109375 0.14375 0.1796875