1 0.3453125 0.08984375 0.09296875 0.09140625
1 0.35234375 0.18125 0.084375 0.08125
0 0.45 0.090625 0.08828125 0.0828125
0 0.49140625 0.196875 0.09609375 0.0765625
4 0.5734375 0.17890625 0.08203125 0.0765625
4 0.3640625 0.246875 0.1078125 0.0859375
2 0.53984375 0.259375 0.1046875 0.07578125
5 0.4984375 0.33671875 0.1046875 0.090625
5 0.38203125 0.3515625 0.115625 0.0890625
3 0.6578125 0.37734375 0.096875 0.084375
2 0.3390625 0.44140625 0.13125 0.10078125
5 0.6015625 0.46171875 0.115625 0.08125
1 0.52421875 0.5375 0.128125 0.09453125
0 0.409375 0.5609375 0.12734375 0.09453125
3 0.45625 0.83515625 0.1609375 0.11484375